net_unit_r = 0.00854572
net_unit_c = 1.47624e-07
max_net_rc = 201.848
max_fanout = 32
buffer_delay = 25.6901
